date,total_confirmed,total_tested,total_deceased,new_confirmed,new_tested,new_deceased,key
2020-01-08,0,1,0,0,0,0,GB
2020-01-09,0,1,0,0,0,0,GB
2020-01-10,0,1,0,0,0,0,GB
2020-01-11,0,1,0,0,0,0,GB
2020-01-12,0,1,0,0,0,0,GB
2020-01-13,0,1,0,0,0,0,GB
2020-01-14,0,1,0,0,0,0,GB
2020-01-15,0,1,0,0,0,0,GB
2020-01-16,0,2,0,0,0,0,GB
2020-01-17,0,3,0,0,2,0,GB
2020-01-18,0,3,0,0,0,0,GB
2020-01-19,0,3,0,0,0,0,GB
2020-01-20,0,4,0,0,1,0,GB
2020-01-21,0,4,0,0,0,0,GB
2020-01-22,1,5,0,1,1,0,GB
2020-01-23,1,5,0,0,0,0,GB
2020-01-24,1,7,0,0,0,0,GB
2020-01-25,1,41,0,0,3,0,GB
2020-01-26,1,63,0,0,22,0,GB
2020-01-27,2,88,0,1,24,0,GB
2020-01-28,2,114,0,0,28,0,GB
2020-01-29,2,147,0,0,33,0,GB
2020-01-30,4,184,0,0,37,0,GB
2020-01-31,7,200,0,3,16,0,GB
2020-02-01,4,227,0,0,27,0,GB
2020-02-02,4,290,0,0,63,0,GB
2020-02-03,10,357,0,3,65,0,GB
2020-02-04,2,447,0,0,92,0,GB
2020-02-05,11,504,0,1,57,0,GB
2020-02-06,3,613,0,1,107,0,GB
2020-02-07,3,688,0,0,75,0,GB
2020-02-08,16,781,0,4,93,0,GB
2020-02-09,18,913,0,2,132,0,GB
2020-02-10,8,1251,0,4,338,0,GB
2020-02-11,23,1523,0,1,272,0,GB
2020-02-12,24,1948,0,1,425,0,GB
2020-02-13,26,2757,0,2,809,0,GB
2020-02-14,27,3262,0,1,505,0,GB
2020-02-15,9,3324,0,0,62,0,GB
2020-02-16,27,3448,0,0,152,0,GB
2020-02-17,28,4895,0,1,1419,0,GB
2020-02-18,9,5328,0,0,433,0,GB
2020-02-19,29,5659,0,1,331,0,GB
2020-02-20,31,6028,0,2,369,0,GB
2020-02-21,32,6411,0,1,383,0,GB
2020-02-22,9,6658,0,0,292,0,GB
2020-02-23,37,6897,0,5,194,0,GB
2020-02-24,43,7126,0,6,229,0,GB
2020-02-25,47,7427,0,4,301,0,GB
2020-02-26,50,7846,0,3,419,0,GB
2020-02-27,57,8574,0,7,728,0,GB
2020-02-28,75,9962,0,18,1388,0,GB
2020-02-29,83,11644,0,8,1682,0,GB
2020-03-01,126,13009,0,43,1365,0,GB
2020-03-02,171,14963,0,45,1954,0,GB
2020-03-03,234,15525,0,63,562,0,GB
2020-03-04,320,18463,0,86,2938,0,GB
2020-03-05,399,20155,0,79,1692,0,GB
2020-03-06,523,22710,2,124,2555,2,GB
2020-03-07,623,24010,4,100,1300,2,GB
2020-03-08,741,26371,4,118,2361,0,GB
2020-03-09,925,28033,6,184,1662,2,GB
2020-03-10,1220,29676,14,295,1643,8,GB
2020-03-11,1696,31236,14,476,1560,0,GB
2020-03-12,2303,34388,18,607,3152,4,GB
2020-03-13,2967,38153,21,664,3765,3,GB
2020-03-14,3613,43770,57,646,5617,36,GB
2020-03-15,4406,47098,86,793,3328,29,GB
2020-03-16,5167,51924,133,761,4826,47,GB
2020-03-17,6323,59397,165,1156,7473,32,GB
2020-03-18,7989,66404,234,1666,7007,69,GB
2020-03-19,9676,76063,326,1687,9659,92,GB
2020-03-20,11618,79869,394,1942,3806,70,GB
2020-03-21,13835,87090,515,2217,7221,119,GB
2020-03-22,15845,93588,583,2010,6498,68,GB
2020-03-23,19086,100793,737,3241,7205,154,GB
2020-03-24,22801,108907,1042,3715,8114,305,GB
2020-03-25,26898,117270,1427,4097,8363,385,GB
2020-03-26,32066,127036,1795,5168,9766,368,GB
2020-03-27,38040,137780,2372,5974,10744,577,GB
2020-03-28,43390,146427,2975,5350,8647,603,GB
2020-03-29,48617,154925,3407,5227,8498,432,GB
2020-03-30,55356,164177,4160,6739,9252,753,GB
2020-03-31,62951,174890,4952,7595,10713,792,GB
2020-04-01,72102,187157,6288,9151,12267,1336,GB
2020-04-02,81091,199768,7610,8989,12611,1322,GB
2020-04-03,90426,213004,9064,9335,13236,1454,GB
2020-04-04,98199,224710,10599,7773,11706,1535,GB
2020-04-05,107780,240164,11864,9581,15454,1265,GB
2020-04-06,116654,255602,12992,8874,15438,1128,GB
2020-04-07,125550,262283,15154,8896,6681,2162,GB
2020-04-08,136103,284447,17228,10553,22164,2074,GB
2020-04-09,145344,297926,19474,9241,13479,2246,GB
2020-04-10,154771,313493,21748,9427,15567,2274,GB
2020-04-11,167125,328652,23423,12354,15159,1675,GB
2020-04-12,175764,343495,24792,8639,14843,1369,GB
2020-04-13,183952,353646,26289,8188,10151,1497,GB
2020-04-14,193326,367790,28427,9374,14144,2138,GB
2020-04-15,202424,381771,30139,9098,13981,1712,GB
2020-04-16,211333,398523,32201,8909,16752,2062,GB
2020-04-17,221154,415339,34060,9821,16816,1859,GB
2020-04-18,229992,433539,36284,8838,18200,2224,GB
2020-04-19,238513,451685,37212,8521,18146,928,GB
2020-04-20,246919,467221,38359,8406,15536,1147,GB
2020-04-21,254821,481487,40768,7902,14266,2409,GB
2020-04-22,262754,498112,42463,7933,16625,1695,GB
2020-04-23,270753,515683,43885,7999,17571,1422,GB
2020-04-24,279499,536972,45822,8746,21289,1937,GB
2020-04-25,286767,613274,47497,7268,76302,1675,GB
2020-04-26,293071,641162,48308,6304,27888,811,GB
2020-04-27,300038,670208,48995,6967,29046,687,GB
2020-04-28,306740,702723,50868,6702,32515,1873,GB
2020-04-29,313733,739642,52418,6993,36919,1550,GB
2020-04-30,322489,797735,53736,8756,58093,1318,GB
2020-05-01,331186,876931,55211,8697,79196,1475,GB
2020-05-02,337739,944443,56421,6553,67512,1210,GB
2020-05-03,343330,1003291,57019,5591,58848,598,GB
2020-05-04,349291,1069533,57601,5961,66242,582,GB
2020-05-05,355698,1143229,59019,6407,73696,1418,GB
2020-05-06,363731,1204530,60350,8033,61301,1331,GB
2020-05-07,371234,1276223,61396,7503,71693,1046,GB
2020-05-08,377279,1347607,62627,6045,71384,1231,GB
2020-05-09,382379,1414537,63305,5100,66930,678,GB
2020-05-10,387359,1482165,63821,4980,67628,516,GB
2020-05-11,392859,1551036,64245,5500,68871,424,GB
2020-05-12,397694,1615136,65546,4835,64100,1301,GB
2020-05-13,402357,1681469,66537,4663,66333,991,GB
2020-05-14,407049,1757873,67376,4692,76404,839,GB
2020-05-15,411886,1832522,68161,4837,74649,785,GB
2020-05-16,416339,1916808,69100,4453,84286,939,GB
2020-05-17,420733,1997323,69410,4394,80515,310,GB
2020-05-18,424642,2069504,69733,3909,72181,323,GB
2020-05-19,179571,187082,70849,1335,4629,1116,GB
2020-05-20,428963,2189133,71599,2986,115000,750,GB
2020-05-21,432575,2262538,72261,3612,73405,662,GB
2020-05-22,436806,2348370,72961,4231,85832,700,GB
2020-05-23,440430,208993,73519,3624,5249,558,GB
2020-05-24,443359,212720,74405,2929,3727,886,GB
2020-05-25,445659,216869,74646,2300,4149,241,GB
2020-05-26,450369,221580,74928,4710,4711,282,GB
2020-05-27,453091,226865,75808,2722,5285,880,GB
2020-05-28,455587,232382,76642,2496,5517,834,GB
2020-05-29,458255,238089,77391,2668,5707,749,GB
2020-05-30,460316,242660,77853,2061,4571,462,GB
2020-05-31,462624,246090,78066,2308,3430,213,GB
2020-06-01,464738,251073,78284,2114,4983,218,GB
2020-06-02,467000,256832,78946,2262,5759,662,GB
2020-06-03,469411,262844,79665,2411,6012,719,GB
2020-06-04,471637,269989,79477,2226,7145,348,GB
2020-06-05,473703,276638,80734,2066,6649,721,GB
2020-06-06,475538,280980,81138,1835,4342,404,GB
2020-06-07,477115,284737,81288,1577,3757,150,GB
2020-06-08,478710,289974,81402,1595,5237,114,GB
2020-06-09,480839,294853,81982,2129,4879,580,GB
2020-06-10,482288,300128,82485,1449,5275,503,GB
2020-06-11,483901,304965,82783,1613,4837,298,GB
2020-06-12,485803,310391,83183,1902,5426,400,GB
2020-06-13,487571,314802,83551,1768,4411,368,GB
2020-06-14,489359,318169,83621,1788,3367,70,GB
2020-06-15,492938,394612,83698,3579,76443,77,GB
2020-06-16,494604,400260,84176,1666,5648,478,GB
2020-06-17,496075,406200,84539,1471,5940,363,GB
2020-06-18,497601,412435,84801,1526,6235,262,GB
2020-06-19,499336,417924,85152,1735,5489,351,GB
2020-06-20,500834,425155,85409,1498,7231,257,GB
2020-06-21,502261,430297,85496,1427,5142,87,GB
2020-06-22,503490,435161,85528,1229,4864,32,GB
2020-06-23,504758,440032,85871,1268,4871,343,GB
2020-06-24,505620,445311,86175,862,5279,304,GB
2020-06-25,506956,452388,86473,1336,7077,298,GB
2020-06-26,508509,460315,86843,1553,7927,370,GB
2020-06-27,509627,465135,87036,1118,4820,193,GB
2020-06-28,510583,470103,87107,956,4968,71,GB
2020-06-29,511416,473433,87154,833,3330,47,GB
2020-06-30,330905,260336,85953,699,1937,309,GB
